[gd_scene load_steps=13 format=3 uid="uid://c0sasysuix642"]

[ext_resource type="Script" path="res://StopBananLevel/RigidBody3D.gd" id="1_0dwk1"]
[ext_resource type="ArrayMesh" uid="uid://yrv43j00v65j" path="res://StopBananLevel/banana.obj" id="1_kimi1"]
[ext_resource type="Script" path="res://StopBananLevel/Camera.gd" id="2_ctsc4"]
[ext_resource type="Script" path="res://StopBananLevel/GameManager.gd" id="4_6a0vu"]
[ext_resource type="Script" path="res://StopBananLevel/StaticBody3D2.gd" id="5_8sivx"]

[sub_resource type="PhysicsMaterial" id="PhysicsMaterial_o3ul0"]

[sub_resource type="WorldBoundaryShape3D" id="WorldBoundaryShape3D_07me4"]

[sub_resource type="PlaneMesh" id="PlaneMesh_ugkwv"]

[sub_resource type="PhysicsMaterial" id="PhysicsMaterial_3ph0a"]
rough = true
absorbent = true

[sub_resource type="CylinderShape3D" id="CylinderShape3D_4i0gp"]
height = 12.747
radius = 1.434

[sub_resource type="PhysicsMaterial" id="PhysicsMaterial_1uxcf"]

[sub_resource type="WorldBoundaryShape3D" id="WorldBoundaryShape3D_24euy"]

[node name="Node3D" type="Node3D"]

[node name="StaticBody3D" type="StaticBody3D" parent="."]
transform = Transform3D(2.40512, -0.091273, 0.0170854, 1.6211, 0.13541, 0.0227614, -0.0239721, -0.000468026, 3.25341, 14.9757, 0, 0)
physics_material_override = SubResource("PhysicsMaterial_o3ul0")

[node name="CollisionShape3D" type="CollisionShape3D" parent="StaticBody3D"]
shape = SubResource("WorldBoundaryShape3D_07me4")

[node name="MeshInstance3D" type="MeshInstance3D" parent="StaticBody3D/CollisionShape3D"]
transform = Transform3D(10.0001, -2.47439e-08, 1.49012e-08, 2.41981e-05, 1.00193, 2.98023e-08, -4.47035e-08, 1.45519e-10, 10.0101, 0, 0, 0)
mesh = SubResource("PlaneMesh_ugkwv")

[node name="Banana" type="RigidBody3D" parent="."]
transform = Transform3D(1, 0, 0, 0, 1, 0, 0, 0, 1, 29.3189, 11.7925, 0.0169239)
physics_material_override = SubResource("PhysicsMaterial_3ph0a")
script = ExtResource("1_0dwk1")

[node name="CollisionShape3D" type="CollisionShape3D" parent="Banana"]
transform = Transform3D(-0.0423365, -0.0788341, -0.577681, -0.587702, -0.012318, 0.0437768, -0.017282, 0.612017, -0.0735302, 0.0788231, -0.0660686, 0.482115)
shape = SubResource("CylinderShape3D_4i0gp")

[node name="Banana" type="MeshInstance3D" parent="Banana/CollisionShape3D"]
transform = Transform3D(-0.0334342, -0.0657146, -0.997278, 0.999441, -0.00219835, -0.0333619, -2.98023e-08, -0.997836, 0.0657514, 0.324879, -4.04664, 2.77651)
mesh = ExtResource("1_kimi1")
skeleton = NodePath("../../..")

[node name="Player" type="Camera3D" parent="."]
transform = Transform3D(-0.0796069, -0.000216511, -0.996826, -0.00031587, 1, -0.000191975, 0.996826, 0.000299585, -0.079607, -73.9938, 0.240107, 0)
script = ExtResource("2_ctsc4")

[node name="DirectionalLight3D" type="DirectionalLight3D" parent="."]
transform = Transform3D(0.284116, 0, -0.95879, 0, 1, 0, 0.95879, 0, 0.284116, 0, 7.31746, 0)

[node name="GameManager" type="Node" parent="."]
script = ExtResource("4_6a0vu")

[node name="StaticBody3D2" type="StaticBody3D" parent="."]
transform = Transform3D(4.73008, 0, 0, 0, 1.64253, 0, 0, 0, 2.44741, -35.179, -19.8864, 4.4069)
physics_material_override = SubResource("PhysicsMaterial_1uxcf")
script = ExtResource("5_8sivx")

[node name="CollisionShape3D" type="CollisionShape3D" parent="StaticBody3D2"]
transform = Transform3D(1, 0, 0, 0, 1, 0, 0, 0, 1, 0.0258622, 0, 0.0608377)
shape = SubResource("WorldBoundaryShape3D_24euy")

[connection signal="get_points" from="Player" to="GameManager" method="_on_camera_get_points"]
